58203
59242
50978
54172
55597
59425
57780
54806
54830
53698
53959
57411
59758
54339
57504
53487
71108
57245
56386
50936
60356
56287
56312
54915
71199
54774
54260
57766
58651
53898
58203
57178
58245
53947
56875
59109
58477
51243
53915
59659
50468
58433
58024
51431
70983
54342
52995
57793
57405
59289
58452
54906
60011
53817
56080
51709
70356
52679
57482
57796
54511
59288
71118
57073
55578
59316
56137
71115
58116
58343
57993
57662
53868
53976
59848
54423
58354
57083
56651
59278
51656
51628
52652
59945
57377
58637
51076
58238
59663
50775
57825
57741
51238
57483
59473
58005
58527
57362
59023
50745
51133
56994
57602
57786
58427
70774
57186
57089
57494
50973
59855
58362
71112
54433
57206
53978
60472
57447
54218
56783
59485
54702
58502
54736
58846
50953
60002
56768
51730
57252
58646
59131
57006
57957
59849
56975
53923
59951
54371
53882
59471
56778
57674
58102
54347
71114
58450
57707
60149
58465
59632
53982
50853
53704
58321
54734
59453
54616
57461
58453
56586
59644
59838
57127
53892
57763
59431
59501
57016
59297
70529
56751
59940
55591
56196
53646
51828
57048
58407
70908
57195
59842
58131
60150
60361
45007
59312
57045
58151
54249
59280
57558
56146
54401
59488
58334
54828
58633
57799
53578
60651
53845
56298
56198
59854
52984
56951
53614
70552
53463
57328
59851
54337
54662
51356
57091
58246
57290
59635
54843
54346
52896
50774
54353
54857
58424
54714
58224
54363
57713
57496
59126
54157
53990
58606
59211
57865
50884
59065
50442
60839
59315
58617
57816
52675
54534
59843
59658
54161
56748
59082
53518
58027
54602
71127
57476
59845
58659
57415
58847
57590
58248
58221
71113
53446
52203
58357
58259
53674
57584
55437
58828
71415
57475
71129
57972
57516
52533
71109
57806
57313
71037
70887
56666
59493
58627
51463
52875
53512
54338
53986
54497
54135
70148
56964
57036
54237
59265
71128
59847
57381
51704
57872
60001
58044
58141
71126
53782
59981
56693
58457
57773
58122
57051
58549
54938
58927
59856
56294
53798
57749
58834
57485
50842
54094
56391
56396
54515
57498
71031
52866
54527
50949
53772
54471
45011
58236
56492
54765
59293
52889
71111
59134
58429
59249
50873
59287
70931
57827
58336
54945
59948
57687
54823
59954
59046
54453
58311
54900
54449
53612
71417
54827
57278
56171
57297
51573
58946
51368
